令和６年度温泉利用状況
                                                                                                                                                                                                                             （令和７年３月末現在）
          管                                                                     源     泉         数
                                                                                                                                                    湧 出 量        Ｌ／分
          轄          市           温         源         利用源泉数（Ａ）             未利用源泉数（Ｂ）                           温度別源泉数                                                                 宿             収          年度延宿泊           温泉利         国民保養

          保          町           泉         泉         自          動          自          動             25度       25度      42度        水蒸気          合           自            動            泊             容                          用の          温 泉 地

          健          村           地         総                                                                  以上                                                                     施             定          利用人員            公衆浴         年度延宿泊

          所          数           数         数                                                                  42度                              計                                     設             員                          場数          利用人員

          数                              Ａ＋Ｂ         噴          力          噴          力             未満        未満       以上         ガス                       噴            力            数

 北海道       28         163         226     2,249        405        879       482           483         207       487     1,086          2       189,888     37,315       152,573          740      124,348      13,579,988          437      255,608

 青森県          6        39         120     1,089        101        449       207           332          35       242       670          0       139,808     11,701       128,107          216       20,791       1,453,144          249       55,273

 岩手県          9        26          81       393          81       145          60         107          28       106       219        40        111,915     62,380        49,535          227       24,110       1,839,235          104       26,018

 宮城県       10          30          39       740        195        214       203           128          47       271       282        53         28,178      4,437        23,741          252       30,241       2,165,708          172      378,700

 秋田県          9        23         104       616        184        192       140           100          53       135       286        84         79,766     29,706        50,060          203       15,275       1,441,551          215      458,665

 山形県          5        35          67       412        104        159          69         80           70       134       208          0        44,887     15,555        29,332          252       23,250       1,950,757          131      818,280

 福島県          9        53         122       799        136        282       133           248          92       149       235        33         76,291     27,451        48,840          474       47,820       3,622,686          187      370,194

 茨城県       10          36          39       157          9          79         15         54           83        62        12          0        22,704      4,927        17,777           74        8,509         807,618           74            0

 栃木県          6        22          66       633        166        279       101           87           48       144       276          1        61,243     18,403        42,840          414       51,235       4,296,081          273      170,397

 群馬県       12          29          98       459        161        202          61         35           85       121       186          0        53,904     26,063        27,841          631       45,465       5,925,649          250       380,727

 埼玉県       17          45          31       117          12         83         1          21           30        74        11          0        15,530         514       15,016          53         6,676         832,181           80            0

 千葉県       16          41          95       144          24       117          0           3          104        37          3         0        10,606         811          9,795        188       53,809       3,718,331          150            0

 東京都       30          51          22       168          5        133          3          27           72        57        36          3        30,966         275       30,691           41       13,950         614,330          142            0

 神奈川県      14          27          36       602          73       368          59         102          77       107       260        35         33,306      6,994        26,312          586       61,479       5,372,379          199       11,879

 新潟県       13          30         135       536        139        226          87         84          160       188       188          0        64,634     15,073        49,561          490       56,527       3,539,773          176      272,161

 富山県          9        15          61       169          52         74         13         31           36        64        66          0        29,181     17,800        11,381          115       14,152       1,065,840           66            0

 石川県          5        18          48       330          16       169          19         126          35        79        71          0        30,972      1,000        29,972          191       27,319       2,520,828          112        5,938

 福井県          7        16          38       158          6          90         6           56          22        47        28          0         7,347         820          6,527        125       22,124       1,208,819           59            0

 山梨県          5        27          29       304          82       144          37         41           83       146        57          0        35,946     15,828        20,118          208       23,624       3,098,074           84       44,026

 長野県       12          68         193       955        250        386       132           187         318       257       383          7       106,110     39,553        66,557          998       86,234       7,081,036          718      353,479

 岐阜県       11          31          55       506          45       214       116           131         153       163       163          6        68,270    12,749        55,521           331       29,763       3,509,965           59    1,486,124

 静岡県          9        32         118     2,185          98     1,065          51         971          79       271       676          4       109,955    12,284        97,671       2,397        119,134      10,576,818          535       36,000

 愛知県       18          37          35       133          8          80         14         31           48        69        16          0        15,539         136      15,403            90       12,656       1,450,965           80            0

 三重県          9        25          74       214          16       146          9          43           88        74        52          0        47,520     2,440         45,080          363       45,386       2,788,134          137            0

 滋賀県          7        14          27          86         8         46         11          21          40        44          2         0        11,126     2,122         9,004            56        9,870       1,188,173           18            0

 京都府          7        21          37       146          8          85         18          35          57        75        13          0        16,713         443      16,270           182       13,915       1,757,764           71        7,200

 大阪府       18          34          17       173          5        109          7          52           40       100        33          0        35,121         551      34,570            42       13,382       2,366,149           77            0

 兵庫県       17          36          78       443          37       225          56         125         160       206        77          0        46,371     4,899        41,472           322       37,504       4,742,639          229       22,843

 奈良県          4        27          34          77         8         55          3          11          23        44        10          0         6,864         807       6,057            73        8,319         758,293           57       31,213

 和歌山県         8        28          50       506          50       198       103           155          69       307       130          0        58,206    16,520        41,686           364       33,344       3,146,594          148      143,342

 鳥取県          3        16          15       363          19       153          45         146          22        38       114          0        17,664         208      17,456           100       13,065       1,113,316           47       34,486

 島根県          7        18          41       267          72         80         66         49          109        95        62          0        33,320    14,436        18,884           106       12,429       1,219,750           98       37,886

 岡山県          7        23          32       221          36         73         49         63          131        84          6         0        21,830     4,409        17,421            81        8,196         683,138           94      251,000

 広島県          7        22          56       374          17       179          11         167         334        36          1         0        33,282     3,308        29,974            75        9,005         791,445           96        1,007

 山口県          8        18          40       404          24       182          51         147         276       100        20          0        21,739     3,023        18,716           131       11,174       1,497,757          107       63,911

 徳島県          6        18          25          82        12         34         17          19          59        23          0         0         7,313         827       6,486            29        3,445         453,168           39            0

 香川県          5        16          28       200          1          82         2          115         185        15          0         0         9,962         305       9,657            55       10,258       1,253,690           64       68,335

 愛媛県          7        20          37       192          22         96         32         42          106        65        18          0        18,019     5,217        12,802            97       10,833       1,553,354          115       16,878

 高知県          6        25          37          96         3         42         17          34          38        12          1         0         2,595         131       2,464            73        5,561         528,915           47            0

 福岡県       15          45          46       422          6        210          4          202          84       220       118          0        53,956         412      53,544            97       11,768       1,571,522          147       48,238

 佐賀県          5        18          21       187          4        111          7           65          50        79        58          0        21,529     1,171        20,358            86        8,951         986,909          122            0

 長崎県       10          19          37       203          70         92         15         26           21        63       119          0        26,481     7,232        19,249           94        13,740       1,625,109          118      329,214

 熊本県       11          30          55     1,339        142        586       172           439          41       437       774        25        129,598    23,500       106,098           392       30,400       2,653,596          337      387,254

 大分県       10          16          63     5,094        851      2,924       432           887          84       671     3,878       459        293,610   136,409       157,201           914       48,623       5,495,869          392    1,169,405

 宮崎県          9        22          29       199          19       125          13         42           38        62        89          0        25,387     3,120        22,267            67        8,696       1,038,810           94            0

 鹿児島県      10          31          87     2,735        322        880          548        985          53       590     1,695       284        167,150    68,648        98,502           311       25,754       2,136,463          485      373,293

 沖縄県          6        12          15          22         2         20            0         0             1      13          7         0         5,411     1,580         3,831            19       12,696       2,391,987           30            0

令和６年度計    472       1,448       2,839    27,899      4,106     12,762     3,697       7,335         4,074     6,863    12,695     1,036 2,477,713        663,493     1,814,220      13,425      1,324,805     125,414,300      7,721      8,108,974

令和５年度計     469      1,446       2,857    27,920      4,111     12,849     3,706       7,255         4,118     6,920    12,676       998     2,496,157    667,434     1,828,723      13,179      1,326,618     120,705,968      7,746      7,959,460

比較増減            3           2      -18         -21        -5        -87         -9          80         -44       -57         19        38      -18,444     -3,941       -14,503           246       -1,813       4,708,332          -25      149,514

対前年度比    100.6      100.1        99.4      99.9       99.9       99.3      99.8       101.1          98.9      99.2     100.1     103.8          99.3       99.4            99.2     101.9             99.9         103.9       99.7          101.9

（注）１．温泉地数は宿泊施設のある場所を計上

  ２．宿泊利用人員は参考数値
